1 0.5219316821108364 0.4930226215916357 0.06363283693629312 0.103924783934874
0 0.7883390359520954 0.48500956898223685 0.04898598975419551 0.08317808823392675
1 0.30031630979775975 0.4301149541771111 0.05869927385790159 0.09260216741917358
0 0.4034159672305571 0.41814255541851514 0.04280854667531427 0.06812337528160893
1 0.8682113990353818 0.540222164568216 0.04543616308818125 0.08760679892407452
1 0.625227138520277 0.4978771459099628 0.04547812001174761 0.09121256815484376
1 0.7109824041521655 0.43966501242333866 0.042892460522447134 0.0753349137431474
1 0.6326196482519559 0.41102105173551534 0.03306729128923044 0.056295449942515945
0 0.4553224297972702 0.4428053945007556 0.03808476821475482 0.07482960491975468
1 0.5293102062013264 0.40496460434026516 0.035513094366642954 0.06015387358498154
1 0.19618171491699093 0.35314504524339935 0.03547113744307659 0.05654810435421231