1 0.5168269230769231 0.46578767438907176 0.0625 0.10063125543595934
0 0.7836538461538461 0.44371378857276783 0.04807692307692308 0.08064460477322313
1 0.2956730769230769 0.4145340308937838 0.057692307692307696 0.08956198726632933
0 0.39903846153846156 0.3971146426946751 0.042067307692307696 0.0659065772534933
1 0.8629807692307693 0.494746136448586 0.04447115384615385 0.0852633267229237
1 0.6201923076923077 0.4651952092668861 0.04447115384615385 0.08886909595369293
1 0.7067307692307693 0.4024228055509955 0.042067307692307696 0.07311811571503177
1 0.6286057692307693 0.37789575548681553 0.03245192307692308 0.054585348606540955
0 0.45072115384615385 0.4190539870566592 0.037259615384615384 0.07286615523770944
1 0.5252403846153846 0.3772862975320781 0.03485576923076923 0.058317098075971345
1 0.19230769230769232 0.3430111114005848 0.03485576923076923 0.05471132884520212