1 0.5295918453209836 0.46880366347607316 0.06533276356649018 0.10099597969764318
0 0.7953695967066139 0.44828686970003506 0.050350128408057276 0.0809251618975954
1 0.3072839103067155 0.41625945720867297 0.06021031975141003 0.08989865581557602
0 0.40998481951761473 0.3994432668269645 0.04392084434692478 0.06615206473731906
1 0.8760604429822175 0.4997821368310674 0.046884248736126906 0.08552284206296804
1 0.6327823679878194 0.4688143961712878 0.04698916590525604 0.08912861129373727
1 0.7173623757025347 0.40654699527926713 0.0441306786851832 0.07336360319885753
1 0.6386428450774688 0.3815640398879824 0.0339907082241524 0.05477472466549216
0 0.46222707006066316 0.4216842100976488 0.03932298637749089 0.07308358700909792
1 0.5354173500209233 0.3803513841158447 0.036499471547127765 0.05852050199114126
1 0.2019950442572944 0.34413333989807376 0.03639455437799842 0.05491473276037203